
doc:0
  (0, 1)	0.99999524316
  (0, 0)	1.0
  (1, 1)	1.0
  (1, 0)	0.99999524316
doc:1
  (0, 1)	0.999999009234
  (0, 0)	1.0
  (1, 1)	1.0
  (1, 0)	0.999999009234
doc:2
  (0, 1)	0.999944779708
  (0, 0)	1.0
  (1, 1)	1.0
  (1, 0)	0.999944779708
doc:3
  (0, 1)	0.999967774817
  (0, 0)	1.0
  (1, 1)	1.0
  (1, 0)	0.999967774817
doc:4
  (0, 1)	1.0
  (0, 0)	1.0
  (1, 1)	1.0
  (1, 0)	1.0
doc:5
  (0, 1)	1.0
  (0, 0)	1.0
  (1, 1)	1.0
  (1, 0)	1.0
doc:6
  (0, 1)	0.999996927757
  (0, 0)	1.0
  (1, 1)	1.0
  (1, 0)	0.999996927757
doc:7
  (0, 1)	1.0
  (0, 0)	1.0
  (1, 1)	1.0
  (1, 0)	1.0
doc:8
  (0, 1)	1.0
  (0, 0)	1.0
  (1, 1)	1.0
  (1, 0)	1.0
doc:9
  (0, 1)	1.0
  (0, 0)	1.0
  (1, 1)	1.0
  (1, 0)	1.0
doc:0
  (0, 1)	0.99999524316
  (0, 0)	1.0
  (1, 1)	1.0
  (1, 0)	0.99999524316
doc:1
  (0, 1)	0.999999009234
  (0, 0)	1.0
  (1, 1)	1.0
  (1, 0)	0.999999009234
doc:2
  (0, 1)	0.999944779708
  (0, 0)	1.0
  (1, 1)	1.0
  (1, 0)	0.999944779708
doc:3
  (0, 1)	0.999967774817
  (0, 0)	1.0
  (1, 1)	1.0
  (1, 0)	0.999967774817
doc:4
  (0, 1)	1.0
  (0, 0)	1.0
  (1, 1)	1.0
  (1, 0)	1.0
doc:5
  (0, 1)	1.0
  (0, 0)	1.0
  (1, 1)	1.0
  (1, 0)	1.0
doc:6
  (0, 1)	0.999996927757
  (0, 0)	1.0
  (1, 1)	1.0
  (1, 0)	0.999996927757
doc:7
  (0, 1)	1.0
  (0, 0)	1.0
  (1, 1)	1.0
  (1, 0)	1.0
doc:8
  (0, 1)	1.0
  (0, 0)	1.0
  (1, 1)	1.0
  (1, 0)	1.0
doc:9
  (0, 1)	1.0
  (0, 0)	1.0
  (1, 1)	1.0
  (1, 0)	1.0